,Feature 1,Feature 2
0,-6.428840947998266,10.141117387887055
1,5.868678884919712,5.201103558017895
2,-0.3761093748856666,3.264279426836461
3,2.166791811578172,9.56300521918858
4,5.095085704731294,7.207527180480231
5,-10.878888191149594,-6.113180400834563
6,2.034055541118602,9.76664755215618
7,-1.7179877144476108,1.4140114006529538
8,1.1691134097614635,8.245569882970244
9,-1.3518544352927309,3.1324534540375204
10,-6.1854821356557625,9.674065554703438
11,-1.1985660160776137,2.504089366453676
12,2.902968625306456,7.912510029304244
13,2.392500227450193,5.381739706188428
14,-5.275451467256436,9.638366588811737
15,-0.5668146871518737,0.0560262754906821
16,5.973366275133855,5.871720219253212
17,-2.313552682556057,0.5239800923523743
18,-10.134475610966597,-3.431308370677069
19,-4.540826294007317,11.392017391998056
20,-10.41558326938338,-5.675458358055395
21,0.6647966932244738,0.0942304717856101
22,2.114604769543774,3.559384884458672
23,-11.179022089148257,-9.30976604846486
24,-6.636982511358251,6.394264357014962
25,-7.67422004581943,-7.268396535372234
26,-7.986682604649974,-9.5711330809895
27,1.2798368434097702,0.3531507774469469
28,3.5448024388675554,7.935356780250796
29,4.039401811387704,4.888704326726142
30,-2.8811889757801543,9.129193914647235
31,-9.110099105992717,-7.697816604719698
32,5.260011717657308,4.740074344701907
33,2.058597235014227,-2.4408303865828724
34,-1.712898336801897,2.5122119709320296
35,-5.405623186876656,7.47228315276904
36,-11.199512264915723,-2.5527674372947766
37,-11.375364102886182,-4.945250912536388
38,-11.782183619597356,-9.508830069768326
39,1.7481550323849884,2.0559567946080737
40,-9.003923335694054,-6.208162031285014
41,-2.865645835992866,7.529341527409561
42,-1.4274229256736637,8.335190778031768
43,-3.1093343152090243,10.164146430419011
44,0.2711300950143205,2.583038237646317
45,0.8215565612951625,6.769668062658922
46,-4.114954811962205,8.026213447308953
47,1.5541492807050863,3.2765768719558537
48,-11.65462114107793,-8.006737204821357
49,-1.220096367167577,4.904662114018048
50,3.220176304273833,-0.5949262040703083
51,-5.404528920842814,7.199970270084177
52,6.027953509647421,4.016962396708966
53,0.4026004512393698,0.6734520115802854
54,-7.389850087040175,-5.618830753483983
55,-1.6053770673516432,5.985236390431823
56,0.8727703615022516,4.462053002730058
57,1.0344524139919222,1.8120349703691767
58,-3.8894301817305,5.292626531966162
59,3.168355294184256,6.730391909048816
60,-8.073096890528902,-7.959240034644401
61,0.9161316461081208,7.461392512342853
62,-7.396482975489173,-4.953533515483878
63,-1.71632700964387,8.485403001691777
64,2.713962828392296,8.373618211934117
65,-2.1657088483979243,-0.9800363685218328
66,-11.94743689132695,-6.964326164470866
67,4.895392190220613,6.078679812020913
68,2.861778319712988,8.226111917133471
69,-9.153925969205368,-6.267818036087968
70,2.034770937022713,8.202364269228461
71,0.7566010798331562,5.007325851028015
72,-8.840394937952547,-5.355493538916571
73,-3.0265061016377603,3.9006659171442575
74,-8.880378749720537,-6.131847170585052
75,5.207377772873533,6.425159956768066
76,3.1920774543813217,10.440907721281974
77,0.0354100314582163,2.287807464781545
78,-6.947608297904781,10.30234401986977
79,-3.3047302852183824,2.745571440063788
80,-0.6954738951572903,3.946560583692485
81,-8.334572345194765,-6.053915497168932
82,5.512840700362673,8.535385800741372
83,-6.276889509621905,-5.317582771315536
84,0.6676241110575267,0.0473820361839563
85,-1.0316130579700813,0.7897984310294152
86,-1.4813638970123555,0.0781302689587304
87,-5.356766768413614,6.983167226676111
88,1.8523007514136585,3.933197286555617
89,-10.38896241637856,-2.7576575878570435
90,-8.374190338711035,-9.487992961315992
91,-8.210952265425913,-6.5225770109171215
92,-9.800941607333067,-2.080384541144239
93,-0.6224938287628201,5.509124998759611
94,0.2718836873613438,4.905229897149512
95,-8.72228610215847,-7.704478814901352
96,5.36248494416059,9.106384797597466
97,-3.952840761291541,7.081831152047123
98,-8.262049526833126,-5.923473929822828
99,7.603297644569072,4.39690493623951
100,-1.556230613808373,3.740327975835628
101,-10.818906958965206,-6.3707075354633576
102,1.3337574856464438,3.2580102383697835
103,-3.222716632447967,-0.1470413261921928
104,0.0109263747619388,6.377974243915935
105,-1.211380319351645,4.188934471819014
106,-9.492492416990013,-5.330431711547613
107,8.718557035893745,9.420688076906224
108,-9.283773426460456,-7.316910884542021
109,-9.512733133972375,-6.547209093038412
110,5.018713657673227,2.643667731332841
111,-2.699437321469415,7.336514835632759
112,-4.212940443664667,6.698446560311712
113,2.326865499612258,8.410075758992072
114,-9.333924846186468,-10.376770451380215
115,4.091161182507633,6.245019346273455
116,-3.443779108455547,8.152002998951398
117,-6.562549829675934,9.777304059413726
118,1.20080532394272,6.943412900635993
119,-1.1431309866149753,8.186691364945935
120,1.0228271158533162,5.164585091972927
121,-4.415924691281315,6.356541899712182
122,-1.4599017459031358,1.7675908463472074
123,-6.011134400207432,7.610845261393715
124,-0.3497610613997072,1.827957155829128
125,5.330626180565914,5.709700770208754
126,-6.167052134935019,10.17037820395393
127,-2.7429821212742165,-0.6730632106243783
128,-9.883929983362638,-7.610183341063092
129,-2.3061136739076984,6.564128411241139
130,-4.18810224799099,6.786437755150974
131,-3.6337212820711096,8.711141055877512
132,0.6284008990159868,1.745455084070832
133,-8.834957353630825,-8.483054884010935
134,-14.357105742602176,-3.828955076295465
135,-4.105138122902295,6.593060993350241
136,3.4681085877354354,4.274772130386426
137,-3.836340668520651,3.9905838192963263
138,3.868797373087188,9.057024876587262
139,1.5273473317045894,0.4445294114314893
140,-10.12038010704888,-7.30634014660335
141,5.305795225553987,3.3672676987082184
142,-9.743817244697167,-5.165315388378961
143,-0.5217347136407913,8.776312199701227
144,-1.327735688792567,7.982009050266212
145,2.2604219252510864,6.221674363715593
146,-1.3386011118089096,4.766507186651912
147,-8.11827275259426,-8.123131159817444
148,-3.8002129199959978,7.475887311023454
149,-5.331106850999683,8.092377480107322
150,-2.5003396541903378,11.03688073374203
151,-2.168459118576072,9.215459787452088
152,0.0852592569581008,2.116301854283529
153,3.4260432830585,4.8541268302202845
154,1.625390231814605,-0.7881959308655411
155,-8.455464069075617,7.814793039923617
156,1.949910803838856,4.779206177088395
157,2.660850264140058,8.854186364950888
158,3.309752846791799,7.204968488243087
159,1.4832224746499312,-0.2158280858959949
160,4.18471183654675,7.420581543293821
161,1.7818431997128086,1.544679152933465
162,-2.161283622559638,4.0818436303130055
163,-6.739182790238104,4.148356151181785
164,-12.4514260548319,-5.968415293371462
165,-6.081979130939487,6.1703202694406345
166,-1.3701589718045537,2.2859047022897347
167,5.518723071864155,7.271547827108432
168,-3.0338580836220714,8.926184423290207
169,4.206696151915972,0.3148857968818608
170,4.119696313184632,7.791521640533477
171,1.4777891783477135,2.0067150752109395
172,-4.751527053290693,8.00144754206778
173,-0.1074669868977737,7.346982604418306
174,0.117780584408189,4.836510368831718
175,-7.251531303365402,5.50680567986087
176,3.9200005662677,7.876223507807277
177,1.147830577204136,7.256924506133553
178,-5.777335937582219,-8.453011970157958
179,1.759526735281733,6.677298322761328
180,-3.307993021554919,8.826130069414324
181,-7.8750186896608945,-9.379243480483336
182,-8.020546578979301,-7.845683603319405
183,-0.8564560019574232,10.536527461355664
184,-9.139309331605174,-5.070114091982673
185,-10.11470177413051,-9.568473396925103
186,-9.074972296091708,-2.424189797866309
187,-9.65620091293848,-8.27162550001944
188,-11.406362911954895,-10.00398275371692
189,0.5926207424323455,0.5503452670888226
190,-9.933633856580512,-4.656688126444006
191,5.485330755087407,7.602836164985755
192,4.439195243560652,8.132054190735412
193,-3.65443002879871,7.208984099162566
194,-8.812144934632851,-6.21627130651903
195,0.6714023343180112,4.975114920765885
196,6.56000194317516,8.351321365866514
197,5.134970945588994,9.12541881230554
198,-9.261985097922697,-4.336104171800573
199,2.174744027795753,1.131475509642618
